dart	200				
top	100	250	300	1800	13500
middle	100	150	300	8000	45000
bottom	90	200	475	2000	25000				
boomerang	325				
top	200	280	1300	3400	30000
middle	175	250	1100	4350	35000
bottom	100	300	1300	3200	55000					
bomb	525				
top	350	650	1200	3600	55000
middle	250	400	900	3200	25000
bottom	200	300	900	3200	35000					
tack	280				
top	150	400	600	3300	45500
middle	100	225	700	3000	15000
bottom	100	100	450	3200	24000					
ice	500				
top	100	350	2000	3200	34000
middle	225	350	2900	3000	20000
bottom	100	200	1750	2400	32000					
glue	200				
top	200	300	2300	4500	19000
middle	100	700	2000	4000	14000
bottom	120	400	3200	2400	28000				
sniper	350				
top	300	1000	2800	5000	34000
middle	300	400	3000	5600	14000
bottom	350	350	3000	4600	16000					
sub	325				
top	130	500	950	2600	32000
middle	450	300	1600	14000	32000
bottom	350	800	800	2800	25000					
boat	500				
top	350	550	2850	7200	25000
middle	550	500	900	5250	21000
bottom	300	400	1600	5400	19000					
ace	700				
top	550	650	1000	3000	40000
middle	200	350	900	14000	30000
bottom	450	300	2200	20000	80000					
heli	900				
top	600	400	1750	19600	45000
middle	300	450	3000	7500	30000
bottom	250	350	3500	8500	35000					
mortar	700				
top	350	500	950	7500	28000
middle	300	500	900	7300	27000
bottom	200	500	700	8500	40000					
dartling	800				
top	250	750	3750	11000	80000
middle	250	500	5600	5100	68000
bottom	150	800	3400	14500	53000					
wizard	400				
top	150	350	1200	9000	32000
middle	300	900	3000	4000	50000
bottom	300	300	1500	2800	24000					
super	2300				
top	2300	4500	15000	100000	400000
middle	1000	1400	7000	20000	90000
bottom	3000	1200	5600	55000	240000					
ninja	450				
top	250	300	650	2750	35000
middle	300	375	2000	4500	25000
bottom	200	300	2000	4500	40000					
alch	550				
top	250	350	1500	2800	55000
middle	250	475	4000	4500	45000
bottom	550	450	1000	2500	40000					
druid	425				
top	250	1000	1650	4500	65000
middle	250	350	850	2800	35000
bottom	100	400	750	2500	45000					
village	1200				
top	400	1500	800	2500	25000
middle	250	1700	7000	21500	45000
bottom	500	500	5000	7000	20000					
farm	1000				
top	550	550	2600	16000	73000
middle	200	700	5100	7500	45000
bottom	250	200	2800	13000	46000					
spike factory	800				
top	700	600	2500	9500	110000
middle	600	700	2500	5000	40000
bottom	150	400	1000	3500	30000					
engineer	450				
top	500	400	525	2500	32000
middle	250	350	800	13500	100000
bottom	450	220	500	3500	54000